69274
64466
43416
36568
35511
35195
39575
50275
46582
48327
47843
42296
43172
35688
40613
46921
50214
66849
79419
1.1032e+05
76671
69250
68766
58299
39387
20810
21837
19411
16675
19036
33031
68180
1.1437e+05
1.1261e+05
1.0722e+05
1.2897e+05
96333
1.1487e+05
98166
83490
1.281e+05
1.9154e+05
1.9867e+05
1.767e+05
1.3973e+05
96243
65342
71607
43217
40460
21637
20118
19650
21544
70377
1.2345e+05
1.8865e+05
2.1109e+05
1.8964e+05
2.081e+05
1.449e+05
1.3437e+05
1.3592e+05
1.3158e+05
1.9064e+05
2.3682e+05
2.1093e+05
2.0322e+05
1.5422e+05
1.208e+05
1.0888e+05
1.0268e+05
64077
46396
50544
49968
27627
42294
47381
92651
1.8229e+05
1.9781e+05
1.9689e+05
1.9673e+05
1.4439e+05
1.1297e+05
1.0865e+05
96709
1.2935e+05
1.9323e+05
2.3002e+05
2.2436e+05
1.7193e+05
54319
51729
50458
25214
15330
14854
14793
14208
15203
74499
1.1561e+05
2.188e+05
2.2105e+05
1.7972e+05
1.2588e+05
80204
78201
78039
77720
1.2055e+05
2.309e+05
2.3503e+05
2.1226e+05
1.2535e+05
87696
73781
73100
46722
44558
17134
19273
19491
20136
81438
1.5278e+05
1.1756e+05
97013
1.1071e+05
83341
85585
64075
60434
59886
68368
1.9608e+05
2.1061e+05
2.0719e+05
1.1938e+05
85165
62562
61838
46727
46793
35493
34915
24256
26373
58109
59747
59748
73151
74655
77247
62284
67409
54517
58184
77198
1.2437e+05
1.8418e+05
1.8542e+05
1.2518e+05
96852
71651
70480
46901
39583
30837
23604
23650
25661
26647
40068
39453
59215
59653
60131
72771
72826
56612
55003
57978
1.2995e+05
1.8139e+05
1.611e+05
1.1427e+05
57115
57037
58998
55538
36224
40266
28224
27441
45736
1.1282e+05
2.165e+05
2.3829e+05
2.4113e+05
2.4339e+05
1.4963e+05
1.6881e+05
1.5839e+05
1.4408e+05
1.3053e+05
1.4859e+05
2.255e+05
2.1957e+05
2.1988e+05
1.5533e+05
97927
99349
85765
61625
57962
57323
51740
52301
59218
92856
1.5977e+05
1.918e+05
2.1521e+05
1.987e+05
1.8084e+05
1.505e+05
1.5276e+05
1.388e+05
1.5363e+05
1.7326e+05
2.3072e+05
2.4187e+05
2.0357e+05
1.6138e+05
1.4286e+05
1.0412e+05
1.4668e+05
